Mywallerbalance <- 100000000